0040037
0040059
0040071
0040082
0040093
0040107
0040118
0040129
0040130
0040141
0040152
0040163
0040174
0040185
0040196
0040200
0040211
0040222
0040233
0040244
0040255
0040266
0040277
0040288
0040299
0040303
0040314
0040325
0040336
0040347
0040358
0040369
0040370
0040381
0040392
0040406
0040417
0040428
0040439
0040440
0040451
0040462
0040473
0040484
0040495
0040509
0040510
0040521
0040532
0040543
0040554
0040565
0040576
0040587
0040598
0040602
0040613
0040624
0040646
0040657
0040668
0040679
0040680
0040691
0040705
0040716
0040727
0040738
0040749
0040750
0040794
0040808
0040819
0040820
0040831
0040853
0040864
0040875
0040886
0040897
0040901
0040912
0040923
0040945
0041067
0041078
0041089
0041090
0041104
0041115
0041148
0041159
0041160
0041171
0041182
0041193
0041207
0041218
0041229
0041230
0041241
0041355
0041366
0041377
0041388
0041414
0041425
0041436
0041447
0041469
0041470
0041481
0041539
0041540
0041551
0041562
0041573
0041595
0041609
0041610
0041621
0041643
0041654
0041702
0041713
0041724
0041768
0041861
0041872
0041919
0041931
0041942
0041953
0041986
0042053
0042101
0042189
0042204
0042215
0042237
0042248
0042259
0042260
0042271
0042282
0042293
0042307
0042363
0042385
0042396
0042400
0042411
0042422
0042433
0042444
0042455
0042477
0042488
0042499
0042525
0042536
0042558
0042569
0042570
0042709
0042710
0042721
0042776
0042787
0042798
0042802
0042813
0042824
0042835
0042846
0042868
0042879
0042880
0042891
0042905
0042916
0042927
0042938
0042949
0042950
0042961
0042972
0043005
0050027
0050038
0050049
0050050
0050061
0050072
0050083
0050094
0050108
0050119
0050120
0050131
0050142
0050153
0050164
0050175
0050186
0050197
0050201
0050212
0050223
0050234
0050245
0050256
0050267
0050278
0050289
0050290
0050304
0050315
0050326
0050337
0050348
0050359
0050360
0050371
0050382
0050393
0050407
0050418
0050452
0050463
0050474
0050485
0050496
0050500
0050511
0050522
0050533
0050544
0050555
0050566
0050577
0050588
0050599
0050614
0050625
0050636
0050647
0050658
0050669
0050670
0050692
0050706
0050717
0050728
0050739
0050740
0050751
0050762
0050773
0050784
0050795
0050809
0050810
0050821
0050832
0050843
0050854
0050865
0050876
0050887
0050898
0050902
0050913
0050924
0050935
0050946
0050957
0050968
0050979
0050980
0050991
0051002
0051013
0051024
0051035
0051046
0051057
0051068
0051079
0051080
0051091
0051105
0051116
0051127
0051138
0051149
0051150
0051161
0051172
0051183
0051194
0051208
0051219
0051220
0051231
0051242
0051253
0051264
0051286
0051297
0051301
0051312
0051323
0051334
0051345
0051356
0051367
0051378
0051389
0051404
0051415
0051426
0051437
0051448
0051459
0051460
0051471
0051482
0051493
0051507
0051518
0051530
0051563
0051574
0051585
0051600
0051611
0051622
0051633
0051644
0051655
0051666
0051677
0055011
0055022
0055033
0055044
0055066
0055077
0055088
0055099
0060017
0060028
0060039
0060040
0060051
0060062
0060073
0060084
0060095
0060109
0060110
0060121
0060132
0060143
0060154
0060165
0060176
0060187
0060198
0060202
0060213
0060224
0060235
0060246
0060257
0060268
0060279
0060280
0060291
0060305
0060316
0060327
0060338
0060349
0060350
0060361
0060372
0060383
0060394
0060408
0060419
0060420
0060431
0060453
0060464
0060475
0060486
0060497
0060501
0060512
0060523
0060534
0060545
0060556
0060567
0060578
0060589
0060590
0060604
0060615
0060626
0060637
0060648
0060659
0060660
0060671
0060682
0060693
0060707
0060718
0060729
0060730
0060763
0060774
0060785
0060796
0060800
0060811
0060822
0060833
0060844
0060855
0060866
0060877
0060888
0060899
0060903
0060914
0060925
0060936
0060947
0060958
0060969
0060981
0060992
0061003
0061014
0061025
0061036
0061047
0061069
0061070
0061081
0061092
0061106
0061117
0061128
0061139
0061140
0061151
0061162
0061173
0061184
0061195
0061209
0061210
0061221
0061232
0061243
0061254
0061265
0061276
0061287
0061298
0061302
0061313
0061324
0061335
0061346
0061368
0061379
0061380
0061391
0061405
0061427
0061438
0061449
0061450
0061461
0061472
0061483
0061494
0061508
0061519
0061520
0061531
0061542
0061553
0061564
0061575
0061586
0061601
0061656
0061715
0061726
0061759
0061760
0061852
0061885
0061900
0061966
0061988
0062000
0062033
0062044
0062055
0062077
0063030
0063074
0063100
0063111
0063122
0063133
0063144
0063155
0063166
0063177
0063199
0063373
0063395
0063409
0063410
0063421
0063443
0063465
0063476
0063498
0063502
0063513
0063524
0063535
0063546
0063557
0063568
0063580
0063591
0063605
0063616
0063627
0063638
0063649
0065012
0065023
0065034
0065056
0065078
0065089
0065090
0065104
0065115
0065137
0065159
0065160
0065171
0065182
0065193
0065207
0065218
0065229
0065230
0065241
0065252
0065274
0065285
0065296
0065300
0065311
0065322
0065355
0065366
0065377
0065388
0065399
0065403
0065414
0065425
0065436
0065447
0065458
0065470
0065481
0065492
0065517
0065528
0065539
0065540
0065551
0065562
0065573
0065584
0065595
0065609
0065610
0065621
0065632
0065643
0065665
0065687
0065698
0065702
0065713
0065735
0065746
0065757
0065768
0065816
0065827
0065838
0065849
0065850
0065919
0065942
0066064
0066097
0066123
0066868
0069009
0069021
0069043
0069054
0069065
0069076
0069087
0069098
0069102
0069113
0069124
0069135
0069146
0069157
0069168
0069179
0069180
0069191
0069205
0069216
0069227
0069951
0069962
0069973
0069984
0069995
0070731
0070937
0070948
0070959
0071015
0071026
0071037
0071059
0071060
0071071
0071118
0071130
0071211
0071299
0071314
0071336
0071358
0071406
0071417
0071428
0071439
0071440
0071451
0071462
0071473
0071484
0071495
0071509
0071510
0071521
0071532
0071554
0071576
0071587
0071598
0071602
0071613
0071624
0071635
0071646
0071657
0071668
0071679
0071680
0071691
0071716
0071727
0071738
0071761
0071819
0071831
0071901
0071912
0071923
0071934
0071945
0071956
0072012
0072023
0072034
0072056
0072067
0072078
0072089
0072115
0072126
0072137
0072148
0072159
0072160
0072171
0072182
0072218
0072229
0072300
0072311
0072322
0072333
0072344
0072355
0072366
0072377
0072388
0072399
0072414
0072436
0072458
0072469
0072470
0072517
0072610
0072621
0072713
0072724
0072791
0072805
0072816
0072827
0072838
0072849
0072850
0072872
0072908
0072919
0072920
0073019
0073020
0073031
0073112
0073123
0073134
0073215
0073318
0073329
0074016
0074027
0074038
0074049
0074050
0074061
0074072
0074119
0074120
0074153
0074212
0074223
0074234
0074245
0074256
0074267
0074315
0074418
0074429
0074511
0074614
0074625
0074636
0074647
0074717
0075013
0075035
0075116
0075219
0075312
0075323
0075334
0076010
0076043
0076054
0076065
0076076
0076087
0076113
0076216
0076227
0076238
0076249
0076250
0076261
0076283
0076294
0076308
0077017
0077028
0077039
0077040
0077051
0077062
0077073
0077084
0077095
0077109
0077110
0077121
0077143
0077202
0077213
0077305
0077316
0077327
0077338
0077419
0077512
0077523
0077534
0077785
0077855
0078014
0078117
0078210
0078438
0078807
0078829
0078830
0078841
0078852
0078863
0078874
0078885
0078896
0079011
0079022
0079033
0079044
0079055
0079066
0079077
0079088
0079099
0079114
0079136
0079147
0079158
0079181
0079206
0079217
0079239
0079273
0079284
0079309
0079332
0079413
0079424
0079457
0079468
0079480
0079516
0079527
0079620
0079996
0080069
0080709
0080765
0081005
0081016
0081027
0081038
0081049
0081050
0081061
0081072
0081083
0081094
0081108
0081119
0081120
0081131
0081142
0081153
0081164
0081175
0081186
0081197
0081201
0081212
0081223
0081234
0081245
0081256
0081267
0081278
0081289
0081290
0081304
0081326
0081337
0081348
0081360
0081371
0081382
0081393
0081430
0081452
0081474
0081485
0081496
0081511
0081522
0081533
0081544
0081566
0081577
0081588
0081599
0081603
0081614
0081625
0081636
0081647
0081658
0081669
0081670
0081681
0081692
0081706
0081717
0081728
0081739
0081740
0081751
0081762
0081784
0081795
0081809
0081821
0081832
0081843
0081854
0081865
0081876
0081898
0081902
0081913
0081924
0081935
0081946
0081957
0081968
0081979
0081980
0081991
0082002
0082013
0082116
0082208
0082219
0082404
0082415
0082426
0082437
0082448
0082459
0082460
0082471
0082482
0082493
0082507
0082518
0082529
0082600
0082622
0083009
0083010
0083021
0083102
0083135
0083205
0083216
0083227
0083238
0083515
0084006
0084017
0084028
0084039
0084202
0084224
0084235
0084246
0084257
0084268
0084279
0084291
0084305
0084316
0084512
0085003
0085014
0085209
0085210
0085221
0085232
0085243
0085405
0085416
0085427
0086000
0086011
0086022
0086206
0086217
0086228
0086402
0086424
0086435
0086446
0086457
0086468
0086479
0086480
0086815
0087007
0087018
0087029
0087030
0087041
0087052
0087063
0087074
0087085
0087096
0087100
0087111
0087122
0087199
0087203
0087214
0087225
0087513
0087524
0087535
0087605
0087650
0088004
0088015
0088026
0088130
0088200
0088303
0088886
0089012
0089023
0089034
0089056
0089078
0089090
0089104
0089126
0089137
0089148
0089159
0089160
0089171
0089182
0089193
0089207
0090888
0091094
0092026
0092033
0092040
0092057
0092071
0092088
0092095
0092113
0092120
0092144
0092151
0092168
0092175
0092199
0092200
0092606
0093003
0093010
0094004
0094011
0094028
0094035
0094042
0094059
0094108
0094115
0094122
0094202
0094219
0095005
0095012
0095029
0095036
0095043
0095050
0095067
0095074
0095081
0095109
0095116
0095123
0095130
0095147
0095154
0095161
0095178
0095185
0095192
0095203
0095210
0095227
0095234
0095241
0095258
0095265
0095272
0095289
0095296
0095307
0095314
0095321
0095338
0095345
0095352
0095369
0095376
0095383
0095390
0095401
0095418
0095425
0095432
0095456
0095463
0095470
0095487
0095494
0095505
0095512
0095529
0095536
0095543
0095550
0095567
0095574
0095581
0095598
0095609
0095616
0095623
0095630
0095647
0095654
0095661
0095678
0095685
0095692
0095703
0095710
0095727
0095734
0095741
0095758
0095765
0095772
0095789
0095796
0095807
0095814
0095821
0095838
0095845
0095852
0095869
0095876
0095890
0095901
0095918
0095925
0095932
0095963
0095987
0096006
0096013
0096020
0096037
0096044
0096051
0096068
0096075
0096099
0096100
0096117
0096124
0096131
0096204
0096211
0096228
0096235
0096242
0096266
0096402
0096419
0096426
0096433
0096440
0096457
0096506
0096513
0096520
0098119
0098126
0098133
0098140
0098157
0098164
0098171
0098195
0098206
0098213
0098220
0098237
0098244
0098251
0098300
0098317
0098324
0098348
0098404
0098508
0099269
0099283
0099290
0099301
0099318
0099332
0099349
0099356
0099363
0099523
0099547
0099554
0099561
0099603
0099610
0099627
0099634
0099641
0099658
0099689
0099696
0099714
0099721
0099738
0099752
0099790
0099801
0099818
0099832
0099849
0110026
0110037
0110048
0110059
0110060
0110082
0110093
0110107
0110118
0110129
0110130
0110141
0110152
0110163
0110174
0110185
0110196
0110200
0110211
0110222
0110233
0110244
0110255
0110266
0110277
0110288
0110299
0110303
0110314
0110325
0110336
0110347
0110358
0110369
0110370
0110381
0110392
0110406
0110417
0110428
0110439
0110440
0110451
0110462
0110473
0110484
0110495
0110509
0110510
0110521
0110532
0110543
0110554
0110565
0110576
0110598
0110602
0110613
0110624
0110635
0110646
0110657
0110668
0110679
0110680
0110691
0110705
0110716
0110727
0110738
0110749
0110750
0110761
0110772
0110783
0110794
0110808
0110819
0110820
0118712
0118723
0118734
0118745
0119007
0119281
0119292
0119306
0119317
0119328
0119339
0119340
0119351
0119362
0119373
0119384
0119395
0119409
0119410
0119421
0119432
0119443
0119454
0119465
0119476
0119487
0119498
0119502
0119513
0119524
0119535
0119546
0119557
0119579
0119580
0119591
0119605
0119616
0119627
0119638
0119649
0119661
0119672
0119683
0119719
0119720
0119731
0119742
0119764
0119775
0119812
0119823
0119834
0119856
0119867
0119889
0122009
0122032
0122102
0122205
0122504
0123006
0123017
0123039
0123040
0123051
0123109
0123202
0123408
0123419
0123420
0123501
0123604
0123615
0123707
0123800
0123903
0124003
0124014
0124106
0124117
0124209
0124302
0124313
0124405
0124427
0124542
0124601
0124612
0124623
0124704
0124807
0125103
0125309
0125505
0125608
0125701
0125804
0125907
0126007
0126100
0126203
0126214
0126306
0126502
0126605
0126683
0126719
0126720
0126731
0126742
0126775
0126786
0126797
0126801
0126812
0126823
0126845
0126856
0126867
0126878
0126889
0126890
0127026
0127037
0127048
0127059
0127060
0127071
0127093
0127107
0127118
0127129
0127130
0127152
0127163
0127174
0127185
0127211
0127222
0127233
0127244
0127255
0127266
0127277
0127288
0127303
0127314
0127347
0127358
0127369
0127370
0127381
0127392
0127406
0127417
0127451
0127462
0127473
0127484
0127495
0127509
0127510
0127521
0127532
0127543
0127554
0127565
0127576
0127587
0127598
0127602
0127613
0127624
0127635
0127646
0127657
0127668
0127679
0127680
0127691
0127705
0127716
0127727
0127738
0127750
0127761
0127772
0127783
0127794
0127808
0127819
0127820
0127831
0129307
0129400
0129422
0129503
0129606
0129628
0129639
0129695
0129710
0129721
0129732
0129743
0129754
0129765
0129776
0129787
0129798
0129802
0129813
0129824
0129835
0129846
0129857
0129868
0129879
0129880
0129891
0129916
0129938
0129949
0129950
0129961
0129972
0130017
0130028
0130039
0130040
0130051
0130062
0130073
0130095
0130109
0130110
0130121
0130132
0130143
0130154
0130165
0130176
0130187
0130198
0130202
0130213
0130224
0130235
0130246
0130257
0130268
0130279
0130280
0130291
0130305
0130316
0130327
0130338
0130349
0130350
0130361
0130372
0130383
0130394
0130408
0130419
0130420
0130431
0130442
0130453
0130464
0130475
0130486
0130497
0130501
0130512
0130523
0130534
0130545
0130556
0130567
0130578
0130589
0130590
0130604
0130615
0130626
0130637
0130648
0130659
0130660
0130671
0130682
0130693
0130707
0130729
0130730
0130741
0130752
0130763
0130774
0130785
0130796
0131014
0131025
0131036
0131047
0131058
0131069
0131070
0131081
0131092
0131106
0131117
0131128
0131139
0131140
0131151
0131162
0131173
0131184
0131195
0131209
0131210
0131221
0131232
0131243
0131254
0131276
0131287
0131298
0131302
0131313
0131324
0131335
0131346
0131357
0131368
0131379
0131380
0131391
0132011
0132022
0132033
0132044
0132055
0132066
0132099
0132103
0132114
0132125
0132147
0132158
0132169
0132170
0132181
0132206
0132217
0132228
0132239
0132251
0132262
0132273
0132295
0132321
0132332
0132343
0132354
0132365
0132376
0132398
0132402
0132413
0132457
0132468
0132480
0132549
0132550
0132561
0132583
0132608
0132619
0132620
0132631
0132642
0132653
0132664
0132675
0132686
0132697
0132701
0132712
0132723
0132734
0132778
0139010
0139021
0139032
0139043
0139054
0139065
0139205
0139249
0139250
0139261
0139272
0139283
0139294
0139308
0139319
0139320
0139331
0139342
0139353
0139364
0139375
0139386
0139397
0139412
0139423
0139526
0139537
0139548
0139559
0139560
0139571
0139582
0139593
0139607
0139618
0139629
0139630
0139641
0139652
0139685
0139700
0139711
0139733
0139744
0139755
0139777
0139788
0139799
0139803
0139814
0139825
0139847
0139858
0139869
0139870
0139881
0139892
0139906
0139917
0139928
0139939
0139940
0139951
0139962
0139973
0139984
0139995
0150019
0150031
0150042
0150053
0150064
0150086
0159986
0161017
0161028
0161039
0161040
0161051
0162003
0162025
0162036
0162081
0162106
0162117
0162128
0162139
0162140
0162151
0162162
0162173
0162184
0162195
0162209
0162210
0162221
0162232
0162243
0162254
0162265
0162276
0162287
0162298
0162302
0162313
0162324
0162335
0162346
0162357
0162379
0162380
0162405
0162416
0162450
0170022
0170033
0170044
0170055
0170066
0170077
0170088
0170103
0170125
0170136
0170147
0170158
0170169
0170170
0170181
0170192
0170206
0170217
0170228
0170239
0170240
0170251
0170262
0170273
0170284
0170295
0170309
0170310
0170321
0170343
0170354
0170365
0170376
0170387
0170398
0170402
0170413
0170424
0170435
0170446
0170457
0170468
0170479
0170480
0170491
0170505
0170516
0170527
0170538
0170550
0170561
0170572
0170583
0170594
0170608
0170619
0170620
0170631
0170642
0170653
0170664
0170675
0170686
0170697
0170701
0170712
0170723
0170745
0170756
0170767
0170778
0170789
0170790
0170804
0170815
0170837
0170860
0171030
0171166
0172015
0172026
0172037
0172048
0172059
0172060
0172071
0172082
0172107
0172129
0172130
0172141
0172152
0172163
0172196
0172200
0172266
0172277
0172288
0172299
0172314
0172325
0172336
0172347
0172358
0172369
0172370
0172381
0172406
0172417
0172428
0178006
0178017
0178028
0178039
0178213
0178224
0178235
0178246
0178257
0178280
0178291
0178305
0178327
0178338
0178349
0178350
0178361
0178372
0178383
0178394
0178408
0178453
0178464
0178475
0178486
0178497
0178501
0178615
0178626
0178763
0178774
0178822
0178833
0178844
0178947
0178958
0178981
0178992
0179014
0210018
0210030
0210041
0210052
0210063
0210074
0210085
0210096
0210100
0210111
0210122
0210133
0210144
0210166
0210177
0210188
0210199
0210203
0210225
0210236
0210247
0210258
0210269
0210281
0210292
0210306
0210317
0210328
0210340
0210351
0210362
0210373
0210384
0210395
0210409
0210421
0210443
0210476
0210502
0210524
0210535
0210579
0210580
0210627
0210650
0210683
0210694
0480011
0480022
0480033
0480055
0480066
0480077
0480088
0489896
0489900
0489911
0489922
0489933
0489944
0489955
0489966
0489977
0489988
0489999
0500027
0500038
0500049
0500050
0500061
0500072
0500094
0500108
0500119
0500120
0500201
0500212
0500223
0500234
0500245
0500256
0500267
0500278
0500304
0500359
0500407
0500418
0500500
0500603
0500614
0500706
0500809
0500810
0500821
0500902
0501002
0501024
0501035
0501057
0501105
0501116
0501208
0501219
0501220
0501301
0501312
0501323
0501404
0501415
0501426
0501437
0501448
0501482
0501507
0501518
0501529
0501530
0501541
0501600
0501703
0501714
0502906
0502917
0503006
0503017
0503028
0503109
0503110
0503121
0503132
0503154
0503202
0503213
0503224
0503305
0503327
0503408
0503501
0503512
0503604
0504601
0504704
0504807
0504829
0504830
0504900
0504911
0505000
0505011
0505103
0505114
0505206
0505217
0505309
0505402
0505413
0505505
0505608
0505619
0506605
0506708
0506719
0506801
0506812
0506867
0506904
0506915
0507004
0507015
0507026
0507037
0507107
0507118
0507200
0507211
0507303
0507602
0507705
0508207
0508300
0508403
0508414
0508506
0508517
0508528
0508539
0508609
0508702
0508805
0508816
0508908
0508919
0508920
0508931
0509008
0509019
0509020
0509053
0509064
0509075
0509086
0509101
0509503
0520041
0520052
0520063
0520074
0520096
0520111
0520122
0520133
0520144
0520166
0520177
0520199
0520203
0520214
0520225
0520247
0520269
0520270
0520281
0520317
0520328
0520351
0520362
0520373
0520384
0520454
0520476
0520513
0520524
0520546
0520579
0520591
0520649
0520650
0520661
0520672
0520683
0520708
0520719
0520731
0520742
0520753
0520764
0520775
0520797
0520812
0520823
0520878
0520889
0520926
0520960
0520971
0520982
0521015
0521037
0521060
0521071
0521093
0521118
0521141
0521152
0521163
0521185
0521196
0521200
0521211
0530019
0530020
0530042
0530053
0530064
0530075
0530086
0530097
0530101
0530112
0530123
0530134
0530145
0530156
0530167
0530189
0530190
0530204
0530215
0530226
0530237
0530248
0530259
0530260
0530271
0530318
0530330
0530341
0530363
0530374
0530385
0530396
0530400
0530411
0530422
0530444
0530455
0530466
0530477
0530488
0530499
0530503
0530514
0530525
0530536
0530570
0530581
0530592
0530628
0530639
0530662
0530673
0530684
0530710
0530721
0530732
0530754
0530776
0530787
0530798
0530802
0530813
0530824
0530846
0530857
0530868
0530880
0530891
0530905
0530916
0530927
0530938
0530949
0530950
0530961
0530972
0530983
0531005
0531016
0531038
0531050
0531061
0531072
0531083
0531094
0531108
0539986
0539997
0540010
0540032
0540043
0540054
0540065
0540076
0540087
0540098
0540102
0540113
0540124
0540135
0540146
0540157
0540180
0540227
0540249
0540250
0540272
0540283
0540294
0540308
0540319
0540320
0540331
0540342
0540353
0540364
0540375
0540386
0540397
0540401
0540412
0540434
0540445
0540467
0540489
0540504
0540515
0540537
0540548
0540607
0540641
0540652
0540663
0540674
0540685
0540696
0540700
0540711
0540744
0540755
0540766
0540777
0540788
0540799
0540814
0540825
0540836
0540847
0540858
0540869
0540870
0540881
0540892
0540906
0540917
0540928
0540939
0810016
0810027
0810038
0810049
0810050
0810061
0810072
0810083
0810094
0810108
0810120
0810164
0810186
0810197
0810201
0810212
0810223
0810234
0810304
0810315
0810326
0810337
0810360
0810382
0810511
0810522
0810533
0810566
0810577
0810588
0810599
1010011
1010020
1010039
1010048
1010057
1010066
1010075
1010084
1010093
1010109
1010118
1010127
1010136
1010145
1010154
1010163
1010172
1010181
1010190
1010206
1010215
1010224
1010242
1010251
1010260
1020010
1020029
1020038
1020047
1020056
1020065
1020074
1020083
1020092
1020108
1020117
1020126
1020135
1020144
1020153
1020171
1020180
1020199
1020205
1020214
1020223
1020232
1020241
1020250
1020269
1020278
1020287
1020296
1020302
1020311
1020320
1020339
1020348
1020357
1020366
1020375
1020384
1030019
1030028
1030037
1030046
1030055
1030064
1030073
1030082
1030091
1030107
1030116
1030125
1030134
1030143
1030152
1030161
1030170
1030189
1030198
1030204
1030213
1030222
1030231
1030240
1030259
1030268
1030277
1030286
1030295
1030301
1030310
1030329
1030338
1030347
1030356
1030365
1030374
1030383
1030392
1030408
1030417
1030426
1030435
1030444
1030453
1030462
1030471
1030480
1030499
1030505
1030514
1030523
1030532
1030541
1030550
1030569
1030578
1030587
1030596
1030611
1030620
1030648
1030657
1030666
1030675
1030684
1030693
1030709
1030718
1030727
1030736
1030745
1030754
1030763
1030772
1030781
1030790
1030806
1030815
1030824
1030833
1030842
1030851
1030860
1030879
1030888
1030897
1030903
1030912
1030921
1030930
1030949
1030958
1030967
1030976
1030985
1031003
1031012
1031021
1031030
1031049
1031058
1031067
1031076
1031094
1031100
1033249
1033425
1039025
1039036
1080014
1080023
1080032
1080041
1080050
1080069
1080078
1080087
1080096
1080102
1080111
1080120
1080139
1080148
1080157
1080166
1080175
1080184
1080193
1080209
1080218
1080227
1080236
1080245
1080254
1080263
1080272
1080281
1080290
1080306
1080315
1080324
1080333
1080342
1080351
1080360
1080379
1080388
1080397
1080403
1080412
1080421
1080430
1080449
1080458
1080467
1080476
1080485
1080494
1080500
1080519
1080528
1080555
1080564
1080573
1080582
1080607
1080616
1080625
1080634
1080643
1080652
1080661
1080670
1080689
1080698
1080704
1080713
1080722
1080731
1080740
1080759
1080768
1080777
1080786
1080795
1080801
1080810
1080829
1080838
1080847
1080856
1080865
1080874
1080883
1080917
1080926
1080935
1080944
1080953
1080971
1080980
1080999
1081017
1081026
1081035
1081053
1081062
1081071
1081080
1081336
1081354
1081363
1081372
1081503
1081512
1081567
1081576
1180011
1180020
1180039
1180048
1180057
1180066
1180075
1180084
1180093
1180109
1180118
1180145
1180163
1180181
1180206
1180215
1180279
1180288
1180297
1180303
1180312
1180330
1180349
1180358
1180367
1180376
1180385
1180394
1180400
1180419
1180428
1180437
1180446
1180455
1180473
1180482
1180491
1180507
1180598
1180604
1180613
1180622
1180631
1180659
1180668
1180677
1180686
1180695
1180701
1180710
1180729
1180738
1180747
1180756
1180765
1180774
1180792
1180808
1180817
1180826
1180844
1180853
1180871
1180880
1180899
1180905
1180914
1180923
1180932
1180941
1470013
1470022
1470040
1470059
1470068
1470077
1470086
1470095
1470101
1470110
1470138
1470147
1470156
1470165
1470183
1470192
1470208
1470253
1470262
1470299
1470305
1470314
1470323
1470332
1470341
1470350
1470369
1470378
1470387
1470396
1470907
1470925
1470934
8030010
8030021
8030032
8030043
8030054
8030065
8030076
8030087
8030098
8030102
8030113
8030124
8030135
8030146
8030157
8030168
8030179
8030180
8030191
8030205
8030216
8030227
8030238
8030249
8030250
8030261
8030272
8030283
8030294
8030308
8030319
8030320
8030331
8030342
8030353
8030364
8030375
8030386
8030397
8030401
8030412
8030423
8030434
8030445
8030456
8030467
8030478
8030489
8030490
8030504
8030515
8030526
8030537
8030548
8030559
8030560
8030571
8030582
8030593
8030607
8030618
8030629
8030630
8030641
8030652
8030685
8030696
8030700
8030711
8030722
8030733
8030744
8030755
8030766
8030777
8030788
8030799
8030803
8030814
8030825
8030836
8030847
8030858
8030869
8030870
8030881
8030892
8030906
8030917
8030928
8030939
8030940
8030951
8037019
8037020
8037031
8039002
8050012
8050023
8050034
8050045
8050056
8050067
8050078
8050089
8050090
8050104
8050115
8050126
8050137
8050148
8050159
8050160
8050171
8050182
8050193
8050207
8050218
8050229
8050230
8050241
8050252
8050263
8050274
8050285
8050296
8050300
8050311
8050322
8050333
8050344
8050355
8050366
8050388
8050399
8050403
8050414
8050425
8050436
8050458
8050469
8050470
8050481
8050492
8050506
8050517
8050528
8050540
8050562
8050573
8050584
8050595
8050609
8050610
8050621
8050632
8050654
8059004
8059015
8060013
8060024
8060035
8060046
8060057
8060068
8060079
8060080
8060091
8060105
8060116
8060138
8060149
8060150
8060161
8060172
8060183
8060194
8060208
8060219
8060220
8060231
8060242
8060253
8060264
8060275
8060286
8060297
8060301
8060312
8060334
8060345
8060367
8060378
8060389
8060404
8060415
8060426
8060448
8060482
8060493
8060518
8060529
8060585
8060596
8060600
8060611
8060622
8060633
8060688
8060699
8060806
8060828
8060839
8060840
8060851
8060862
8060873
8060884
8060895
8060909
8060910
8060932
8060943
8060954
8060965
8060976
8060987
8060998
8061009
8061021
8061032
8061076
8061087
8061102
8061191
8061205
8061216
8061227
8061238
8061250
8061261
8061272
8061283
8061308
8061319
8061320
8061331
8061342
8061353
8061364
8061375
8061386
8061397
8061401
8061412
8061423
8061434
8061445
8061456
8061467
8061478
8061489
8061490
8061504
8061526
8061548
8061559
8061560
8061571
8061582
8061593
8061607
8061618
8061629
8061630
8061641
8061652
8061674
8061685
8061696
8061700
8061722
8061733
8061744
8061755
8061766
8061777
8061788
8061799
8061814
8061825
8061836
8061858
8061869
8061870
8061881
8061892
8061928
8061939
8061940
8061951
8061962
8061973
8061984
8061995
8062006
8062017
8062028
8062039
8062040
8069016
8069049
8069050
8069061
8069072
8070014
8070025
8070036
8070047
8070058
8070069
8070070
8070081
8070092
8070106
8070117
8070128
8070139
8070140
8070151
8070162
8070173
8070184
8070195
8070209
8070210
8070221
8070232
8070243
8070254
8070276
8070287
8070298
8070302
8070313
8070324
8070335
8070346
8070357
8070368
8070379
8070380
8070391
8070405
8070416
8070427
8070438
8070449
8070450
8070461
8070472
8070483
8071011
8071033
8071044
8071055
8071066
8071077
8071088
8071099
8071103
8071114
8071125
8071136
8071158
8071169
8071170
8071181
8071192
8071206
8071217
8071228
8071239
8071251
8071262
8071273
8071284
8071295
8071310
8071321
8071332
8071343
8071354
8071365
8071376
8071387
8071398
8071402
8071413
8071435
8071446
8071457
8071468
8071479
8071480
8071491
8071505
8071538
8071549
8071550
8071561
8071572
8071583
8071594
8071608
8071620
8071642
8071653
8071664
8071697
8071701
8071712
8071723
8071734
8071745
8071756
8071767
8071778
8071789
8071790
8071804
8071815
8071826
8071837
8071859
8071860
8071871
8071882
8071893
8071907
8071929
8071930
8071963
8077404
8077415
8079017
8079028
8079040
8079660
8079671
8079718
8079729
8079800
8079811
8079844
8080015
8080026
8080048
8080059
8080060
8080071
8080082
8080093
8080107
8080118
8080129
8080130
8080141
8080152
8080163
8080174
8080185
8080196
8080200
8080211
8080222
8080233
8080244
8080255
8080266
8080277
8080288
8080299
8080303
8080314
8080325
8080336
8080347
8080358
8080369
8080370
8080381
8080392
8080406
8080417
8080428
8080439
8080440
8080451
8080462
8080473
8080484
8080495
8080509
8080510
8080521
8080532
8080543
8080554
8080565
8080576
8080587
8080598
8080602
8080613
8080624
8080635
8080646
8080657
8080668
8080679
8080680
8080691
8080705
8080716
8080727
8080738
8080749
8080750
8080761
8080772
8080783
8080794
8080808
8080819
8080820
8080831
8080842
8080853
8080864
8080875
8080886
8080897
8080901
8080912
8080923
8080934
8080945
8080956
8080967
8080978
8080989
8080990
8081001
8081012
8081023
8081034
8081045
8081056
8081067
8081078
8081089
8081090
8081104
8081115
8081126
8081137
8081148
8081159
8081160
8081171
8081182
8081193
8081207
8081218
8081229
8081230
8081241
8081252
8081263
8081274
8081285
8081296
8081300
8081311
8081322
8081333
8081344
8081355
8081366
8081377
8081388
8081399
8081403
8081425
8081436
8081458
8087003
8087014
8087025
8087036
8087058
8088000
8088011
8088022
8088033
8088055
8088077
8088088
8088099
8088103
8088114
8088125
8088136
8088147
8088158
8089007
8089018
8089052
8089100
8089122
8089133
8089155
8089166
8089993
8090016
8090027
8090038
8090049
8090050
8090061
8090072
8090083
8090108
8090119
8090120
8090131
8090142
8090153
8090164
8090175
8090186
8090197
8090201
8090212
8090223
8090234
8090245
8090256
8090267
8090278
8090289
8090304
8090315
8090326
8090337
8090348
8090359
8090371
8090382
8090393
8090407
8090429
8090452
8090474
8090485
8090511
8090522
8090577
8090588
8090599
8090625
8090669
8090670
8090681
8090692
8090706
8090717
8090728
8100021
8100054
8100065
8100098
8100102
8100113
8100124
8100135
8100157
8100168
8100179
8100180
8100191
8100205
8100227
8100250
8100261
8100294
8100308
8100320
8100331
8100364
8100386
8100397
8100401
8100412
8100423
8100434
8100456
8100467
8100478
8100489
8100490
8100504
8100559
8100858
8120012
8120023
8120045
8120056
8120067
8120078
8120089
8120090
8120104
8120115
8120126
8120137
8120148
8120159
8120160
8120171
8120182
8120193
8120207
8120218
8120229
8120230
8120241
8120252
8120263
8120274
8120285
8120296
8120300
8120311
8120322
8120333
8120344
8120355
8120366
8120377
8120388
8120399
8120403
8120414
8120436
8120447
8120458
8120469
8120470
8120481
8120492
8120517
8120528
8120540
8120551
8120562
8120573
8120610
8120621
8120632
8120643
8120654
8120665
8120676
8120687
8120698
8120702
8120713
8120724
8120735
8120746
8120757
8120768
8120779
8120780
8120791
8120805
8120816
8120827
8120838
8120849
8120850
8120861
8120872
8120883
8120894
8120908
8120919
8120920
8120931
8120942
8120975
8120986
8120997
8121008
8121019
8121020
8121031
8121042
8121053
8121064
8121075
8121086
8121097
8121101
8121112
8121123
8121134
8121145
8129004
8129200
8129222
8129233
8129244
8129277
8129990
8150015
8150026
8150037
8150048
8150059
8150060
8150071
8150082
8150093
8150107
8150118
8150129
8150130
8150141
8150152
8150163
8150174
8150185
8150196
8150200
8150211
8150222
8150233
8150244
8150255
8150266
8150277
8150288
8150299
8150303
8150314
8150325
8150336
8150347
8150358
8150369
8150370
8150381
8150392
8150406
8150417
8150428
8150439
8150451
8150462
8150473
8150484
8150815
8159993
8160016
8160027
8160038
8160049
8160050
8160061
8160072
8160083
8160094
8160108
8160119
8160120
8160131
8160142
8160153
8160164
8160175
8160186
8160197
8160201
8160212
8160223
8160234
8160245
8160256
8160267
8160278
8160289
8160290
8160304
8160315
8160326
8160337
8160348
8160359
8160360
8160371
8160382
8160393
8160407
8160418
8160429
8160430
8160441
8160452
8160463
8160474
8160500
8160511
8160522
8160533
8160566
8169101
8220015
8220026
8220037
8220048
8220059
8220060
8220071
8220082
8220093
8220107
8220118
8220129
8220130
8220141
8220152
8220163
8220174
8220185
8220196
8220200
8220211
8220222
8220233
8220244
8220255
8220266
8220277
8220288
8220299
8220303
8220314
8220325
8220336
8220347
8220358
8220369
8220370
8220381
8220392
8220406
8220417
8220428
8220439
8220440
8220451
8220462
8220473
8220484
8220495
8220509
8220510
8220521
8220532
8220543
8220554
8220565
8220576
8220587
8220598
8220602
8220613
8220624
8220635
8220646
8220657
8220668
8220679
8220680
8220691
8220705
8220716
8220727
8220738
8220749
8220750
8220761
8220772
8220783
8220794
8220808
8220819
8220820
8220831
8220842
8220853
8220864
8220875
8220886
8220897
8220901
8220912
8220923
8220934
8220945
8220956
8220967
8220978
8220989
8220990
8221001
8221012
8221023
8221034
8221045
8221056
8221067
8221078
8221089
8221090
8221104
8221115
8221126
8221137
8221148
8221159
8221160
8221171
8221182
8221193
8221207
8221218
8221229
8221230
8221241
8221252
8221263
8221274
8221285
8221296
8221300
8221311
8221322
8221333
8221344
8221355
8221366
8221377
8221388
8221399
8221403
8221414
8221425
8221436
8221447
8221458
8221469
8221470
8221481
8221492
8221506
8221517
8221528
8221539
8221540
8221551
8221562
8221573
8221584
8221595
8221609
8221610
8221621
8221632
8221643
8221654
8221665
8221676
8221687
8221698
8221702
8221713
8221724
8221735
8221746
8221757
8221768
8221779
8221780
8221791
8221805
8221816
8221827
8221838
8221849
8221850
8221861
8221872
8221883
8221894
8221908
8221919
8221920
8221931
8221942
8221953
8221964
8221975
8221986
8221997
8222008
8222019
8222020
8222031
8222042
8222053
8222064
8222075
8222086
8222097
8222101
8222112
8222123
8222134
8222145
8222156
8222167
8222178
8222189
8222190
8222204
8222215
8222226
8222237
8222248
8222259
8222260
8222271
8222282
8222293
8222307
8222318
8222329
8222330
8223108
8223119
8223120
8223131
8223142
8223153
8223164
8223175
8223186
8223197
8223201
8223212
8223223
8223234
8223245
8223267
8223278
8223289
8223290
8223603
8223614
8228549
8228550
8228561
8228572
8228583
8228594
8228608
8228619
8228620
8228631
8228642
8228653
8228664
8228675
8228686
8228697
8228701
8228712
8228723
8228734
8228745
8228756
8228767
8228778
8228789
8228790
8228804
8228815
8228826
8228837
8228848
8228859
8228871
8228882
8228893
8228907
8228918
8228929
8228930
8228941
8228952
8228963
8228974
8228985
8228996
8229007
8229018
8229029
8229041
8229052
8229063
8229074
8229085
8229096
8229100
8229111
8229122
8229133
8229166
8229177
8229188
8229199
8229203
8229225
8229236
8229247
8229292
8229306
8229317
8229340
8229351
8229362
8229373
8229409
8229410
8229421
8229432
8229443
8229454
8229465
8229476
8229487
8229568
8229579
8229580
8229591
8229605
8229616
8229627
8229638
8229649
8229650
8229661
8229672
8229683
8229694
8229708
8229719
8229720
8229731
8229742
8229753
8229797
8229823
8229834
8229845
8229856
8229867
8229878
8229889
8229904
8229915
8229926
8229937
8229948
8229959
8229971
8229982
8260019
0200017
0200028
0200039
0200040
0220019
0220031
0230010
0230021
0230032
0230043
0250012
0250056
0280015
0280037
0290005
0290016
0300010
0370017
0370028
0390019
0390031
0720014
0720025
0750006
0750017
0760018
0760029
0780010
0780021
0820017
0820028
0820039
0820051
0830018
0830306
0850009
0850010
0860011
0860022
0920010
0920021
0920032
0920043
0930011
0930022
0970015
0970026
0980016
0980027
0981688
3210019
3210020
3240012
3240023
3250013
3250024
3268881
3280016
1040018
1040027
1040036
1040045
1040054
1040063
1040072
1040081
1040090
1040106
1040115
1040124
1040133
1140015
1140024
1140033
1140042
1140051
1140060
1140079
1140088
1140097
1140103
1140112
1140121
1140130
1140149
1140158
1150014
1150023
1150032
1150041
1150050
1150069
1150078
1150087
1150096
1150102
1150111
1150120
1150139
1150148
1150157
1190010
1190029
1190038
1190047
1190056
1190065
1190074
1190083
1190092
1190108
1190117
1190126
1190135
1190153
1190162
1190171
1190180
1190199
1200016
1200025
1200034
1200043
1200052
1200061
1200070
1200089
1200098
1200104
1200113
1200122
1200131
1200140
1200159
1200168
1240012
1240021
1240030
1240058
1240067
1240076
1240085
1240094
1240100
1240119
1270019
1270028
1270037
1270046
1270055
1270064
1270073
1270082
1270091
1270107
1270116
1300013
1300022
1300031
1300040
1300059
1300068
1300077
1300086
1300095
1300101
1300110
1300129
1300138
1300147
1300156
1300165
1300174
1300183
1300192
1300208
1320011
1320020
1320039
1320048
1320057
1320066
1320075
1320084
1320093
1320109
1320118
1320127
1320136
1320145
1320154
1460014
1460023
1460032
1460041
1460050
1460069
1460078
1460087
1460096
1460102
1460111
1460120
1460139
1460148
1460157
1460166
1460175
1460184
1460193
1460209
1460218
1460227
1460236
1580019
1580028
1580037
1580046
1580055
1580064
1580073
1580082
1580091
1610013
1610022
1610031
1610040
1610059
1610068
1610077
1610086
1610095
1620012
1620021
1620030
1620049
1620058
1620067
1620076
1620085
1620094
1620100
1620119
1620128
1620137
1620146
1630011
1630020
1630039
1630048
1630057
1630066
1630075
1630084
1630093
1630109
1650019
1650028
1650037
1650046
1650055
1650064
1650073
1650082
1650091
1650107
1650116
1780013
1780022
1780031
1780040
1780059
1780068
1780077
1780086
1780095
1780101
1780110
1880010
1880029
1880038
1880047
1880056
1880065
1880074
1880083
1880092
1880108
1880117
1880126
1880135
2040011
2040020
2040039
2040048
2040057
2040066
2040075
2040084
2040093
2040109
2040118
2040127
2040136
2040145
2040154
2040163
2040172
2040181
2040190
2040206
2040215
2040224
2150017
2150026
2150035
2150044
2150053
2150062
2150071
2150080
2150099
2150105
2150114
2150123
2150132
2150141
2150150
2160016
2160025
2160034
2160043
2160052
2160061
2160070
2160089
2160098
2160104
2160122
2160131
2160140
2160159
2160168
2160177
2160186
2160195
2160201
2220017
2220026
2220035
2220044
2220053
2220062
2220080
2220099
2220105
2230016
2230025
2230034
2230043
2230052
2230061
2230070
2230089
2230098
2240015
2240024
2240033
2240042
0600020
0600031
0600042
0600053
0600064
0600075
0600086
0600097
0610021
0610032
0610043
0610054
0610065
0620022
0620033
0620044
0620055
0620066
0620077
0620088
0620099
0630023
0630034
0630045
0650014
0660026
3720026
3720037
3720048
3750018
9560004
9560015
9560026
2511008
2512414
2513001
2513002
2518001
251A002
2520263
2521001
2521012
2522405
2522495
2523001
2523003
2528801
2529001
252A001
252A002
252A003
2531809
2532001
2533003
2538001
253A001
2541013
2542415
2542454
2543001
2543002
2548001
2551822
2552003
2553001
2553002
2558001
255A001
255A002
255A003
2561807
2563001
2566001
2568001
256A003
2571808
2573001
2578001
2581806
2582001
2583005
2583006
2583007
2585002
2588001
258A001
2591812
2592002
2593002
2593003
2593004
2598001
259A001
2601103
2602002
2602458
2603002
2603003
2608001
2611017
2612402
2613001
2613004
2614060
2618001
261A001
2621007
2622002
2623001
2623002
2628001
262A001
262A002
2631815
2632001
2633001
2641826
2643001
2644062
2648001
2651004
2652001
2653001
2661006
2662001
2663001
2664375
2668001
266A001
266A002
3800016
3810888
3820018
